41068.446
5659.361
174882.621
10527.276
64148.266
16482.361
5063.295
14426.343
38491.792
42128.447
49116.281
29488.485
90036.760
23594.432
40865.229
4739.314
41225.612
1218575.142
5989.122
48947.997
266.468
29588.731
1813.221
84396.912
30941.722
45435.708
18613.678
3890.235
17965.511
105938.734
305.536
64957.102
56942.888
32600.129
49464.945
52600.083
11620.143
42293.068
18485.517
32226.289
845524.145
58820.045
5646.195
30172.027
3964.984
42012.920
67690.990
56125.875
64944.922
54094.724
48577.293
45948.064
67399.012
66909.325
20158.534
30589.613
14731.136
40561.549
281.253
26220.728
99319.638
4659.998
53721.006
71101.585
2396.800
49635.951
27742.523
29241.459
16835.050
39837.712
9839.662
2441.459
25982.289
21340.488
130716.920
30935.384
10958.689
46806.632
27168.527
13945.215
114397.605
29426.280
20703.352
660641.064
42536.114
66322.253
38600.765
41795.576
149490.980
23938.782
31275.808
69188.133
2425.315
2337.750
10670.767
58860.813
8510.302
22484.841
27433.141
288.237
45380.765
273.285
123212.855
95079.927
112664.363
7528.009
10035.704
459098.940
40369.981
37239.104
17407.786
51458.952
70451.534
56619.166
20912.764
87048.264
16930.997
47951.703
35508.402
19235.061
37908.060
23414.231
21981.836
8964.241
36620.406
50064.895
38033.683
48069.802
611761.982
12582.026
31069.187
8864.666
26114.507
36812.581
18847.646
42475.802
192388.420
3957.533
197.111
302064.430
9930.619
33089.534
34845.460
58604.340
40502.880
17653.971
51422.378
68428.174
31387.118
255.023
60723.177
20995.084
109450.865
110449.544
20203.334
19954.789
34876.371
29903.417
283968.615
18677.149
67353.925
70166.420
180884.429
17457.868
73354.155
25844.160
52660.053
1977.533
281.953
17599.530
1121949.217
62397.273
48165.227
316619.054
11342.582
13510.099
46844.764
4511.495
19914.777
60501.999
51803.803
7873.182
213599.848
45030.194
67801.219
52224.732
2847.593
48581.863
865772.915
44877.924
48781.679
280.223
103604.362
37590.145
108821.324
28869.889
43933.044
37780.568
747899.324
56560.846
625070.320
56854.397
37267.419
164374.012
82865.893
179857.243
10058.890
61612.801
48401.607
61068.796
55149.876
1016966.324
177393.161
6285.065
20091.743
25257.293
509987.418
19371.164
66264.173
160757.152
57590.654
50014.651
30923.258
64453.631
31046.680
102857.473
90084.625
29640.196
138112.483
18681.392
31268.105
40510.848
55126.322
55198.566
48462.851
48337.493
38370.134
3429.857
232256.063
81671.738
12852.370
2316.779
193.642
40074.403
64620.196
23403.452
132073.260
45538.563
12175.605
16495.395
120373.643
68941.640
207.562
119271.709
200271.288
2927.523
44938.434
61403.878
45888.396
2664338.217
13453.205
61120.372
63567.262
49154.605
12390.972
44506.177
25841.330
2903.400
37911.009
10911.367
129846.856
77131.081
2352.827
49307.879
20874.682
30237.917
21446.476
860982.004
164457.943
797480.439
185912.178
213.486
15912.648
5592.358
1904.371
19104.983
43182.378
16127.458
58735.530
112317.596
69070.901
23829.084
36298.816
88266.384
60801.886
43116.814
39154.044
51662.215
98675.779
6767.083
43897.277
537296.275
267.279
29810.123
37048.278
10029.529
33693.416
57438.365
62232.681
89964.334
7169.230
33345.075
25725.412
52410.981
2974.058
68589.495
26564.201
67998.680
30870.222
93792.073
102959.304
776.292
23591.721
1863.226
42956.371
70092.342
50065.997
64585.002
49861.545
46805.808
42461.314
27253.760
873.117
64774.965
52164.813
42674.244
22941.374
34616.186
77523.332
8227.269
42388.057
55211.030
20116.700
9673.288
29930.143
45217.113
109403.619
313.705
10617.060
21837.065
80504.820
123914.521
41748.034
38669.091
129.458
3058756.529
121089.418
116536.637
41446.277
1982.021
84490.310
65517.006
37501.715
60387.947
284.113
3025.396
40227.842
106741.099
94886.582
386.686
936.821
49961.186
134614.120
65628.803
43425.247
65984.800
273.630
30994.176
10946.977
42490.707
9063.088
2537217.253
22880.222
7290.105
56866.768
28534.459
34057.794
51840.120
50320.947
68040.569
13190.853
13834.765
106031.205
20285.230
72397.653
34446.041
49170.165
58525.590
60688.824
54443.255
44768.418
8862.448
65969.422
5559.418
52748.744
11670.927
68553.033
45516.514
38211.230
9783.942
46269.582
94622.830
60622.336
28870.085
29148.012
18920.289
31550.390
9247.539
96207.401
22664.008
61453.383
54493.961
48734.907
142338.857
37684.162
30874.095
260.848
49955.031
146741.006
50918.236
71785.940
1481450.130
46525.099
55670.693
175108.888
66642.675
48897.401
54817.252
48567.329
43877.575
73163.862
59424.874
30252.680
177459.006
40856.348
9658.565
4873.449
15704.347
705.195
659935.735
66346.028
92363.443
108934.908
62664.685
575362.317
1304787.218
29069.177
36702.266
37108.121
41973.366
36408.161
38151.199
8010.801
38779.206
34837.982
30158.264
201661.780
22552.103
12660.566
34808.634
7216.245
59409.221
10976.179
56611.215
45741.579
34991.049
8834.144
16048.638
70985.759
315.857
5071.552
104627.900
24191.712
21765.000
42664.378
58024.014
53968.170
153783.917
63504.972
29229.074
35169.113
10901.915
24319.396
31624.128
2574771.463
66770.892
20570.017
27164.747
36743.473
52848.200
66875.323
69672.722
32630.048
63408.816
20864.681
55291.136
6104.364
45852.986
26281.030
14029.890
8621.579
24856.741
116028.213
116650.101
24422.263
236.214
46883.902
69738.181
393584.002
51568.875
54645.315
49128.158
11513.213
37432.782
21066.738
14247.047
14249.601
192760.893
215747.606
89128.541
62104.476
59331.279
56136.917
60124.429
40837.360
40218.850
49763.464
40800.044
50476.538
7060684.823
47853.224
47074.218
1293007.858
31871.919
40400.886
52022.422
186234.837
322.032
69226.797
40838.760
10912.764
50664.285
46182.518
218990.816
13047.894
78978.606
3098.824
754.546
51069.886
27182.819
15315.366
18316.777
39195.589
85668.129
57292.838
42415.790
55578.026
37917.336
424.098
18755.197
269.353
39753.363
53204.854
573.870
34306.800
8802.828
38225.015
33944.327
61853.504
44526.294
87430.254
41633.367
31070.115
29379.764
74340.078
382770.538
222.313
42327.402
291.014
55151.927
29430.388
31789.434
47988.108
210.116
10232.731
15371.577
93701.003
77884.950
69484.358
30674.026
9976.953
12996.341
82811.251
44689.815
52124.921
7150.491
52372.892
68479.591
68465.212
28096.151
837641.684
136286.985
52091.967
52973.478
8643.198
98963.543
60310.338
65234.472
41866.110
13995.296
35378.082
56081.832
22126.086
5633.756
128912.906
53341.214
26191.296
35615.003
45056.790
56113.001
45791.559
9673.987
309.584
5536.522
37178.383
52125.077
385.834
296.967
61654.570
48649.646
146988.972
86527.460
63745.118
8014.869
48758.800
50677.183
25618.903
41373.485
67053.672
38014.667
37494.874
56949.688
60999.220
49586.339
69053.449
20664.374
10508.563
104775.407
24341.319
7155.758
49244.545
67212.335
25988.351
13664.395
24344.810
66630.569
8686.059
38612.097
18952.560
55903.885
66135.149
2960.157
236626.436
66573.938
35857.285
50424.361
55908.391
146789.609
21664.550
11667.675
43806.969
29200.812
34693.649
40280.224
35188.102
787.433
293.249
564974.577
223.164
5124.006
49430.948
24532.493
33219.040
56436.876
258.459
63445.975
53420.468
8748.523
19688.350
35018.963
53520.345
32125.813
63431.953
36612.382
34186.576
36610.171
51749.906
59067.201
102875.215
21557.103
65114.126
30505.683
60128.146
52294.166
49493.485
223621.249
52118.403
54218.597
25196.738
37568.887
2370.359
60755.616
52062.481
59170.540
7665.456
5883.803
80206.383
2300.486
25553.807
233.475
59700.777
44997.615
50125.237
22207.286
35176.019
36956.745
19677.189
51909.701
43785.457
56419.775
120130.557
337.885
39141.040
31537.793
55840.017
14976.631
5098.426
27729.950
36295.230
396.013
43442.342
63429.957
5088.221
33320.864
2329.796
41443.473
67216.776
94661.974
16252.159
34975.761
61986.495
8784.835
70476.589
7157.262
3063.086
183068.062
281.468
79763.243
13695.956
28468.803
42813.673
28110.734
56849.180
73982.598
40356.143
12178.402
8661.306
55294.495
61737.543
13470.957
39774.988
51807.851
29681.887
59370.264
27550.181
40231.918
2379.454
223895.245
134095.563
26321.712
55645.685
1114.297
37744.867
25662.000
40931.154
97285.439
1751973.413
15860.273
297.261
9341.227
56997.399
54925.599
9860.743
51899.450
19056.266
53624.062
40948.502
35373.445
23866.214
51708.434
319528.860
17319.305
2163434.891
26587.412
70094.327
40962.965
37740.893
55901.751
42765.029
91409.118
20092.288
16050.289
46773.461
36714.669
56915.699
41389.628
47309.295
44864.171
321.873
12601.658
36228.646
26472.702
9956.117
66007.384
75784.073
6225.291
60432.162
49597.948
9928.546
52778.203
63703.123
69084.115
35569.491
239031.070
64638.584
18648.025
33964.152
40804.957
75587.073
65324.056
1861.834
54497.662
10599.495
46714.311
13739.675
345.247
6220.795
9795.669
11802.060
39559.818
28432.093
53898.999
3555.534
53105.226
27858.690
20456.250
67232.200
104540.325
5092.406
23312.303
56657.844
881670.053
776095.902
29657.758
1613049.960
27422.870
32317.007
6253.534
887.485
76851.370
37792.431
66986.896
55282.338
55209.004
68804.086
56461.541
1918.052
444.376
19745.041
42056.120
49999.648
75756.765
57548.489
19702.954
48811.917
126958.179
16515.617
33835.569
17814.843
5550.310
313143.058
37263.138
10068.578
39183.747
19813.538
54417.066
131704.203
59201.864
26042.625
40138.155
58325.081
43311.646
37734.920
40082.305
156996.356
289.336
40426.347
188853.345
25960.692
52782.245
62042.502
275.966
61482.638
54116.073
44860.353
48436.566
1152144.954
57040.459
57957.560
72662.779
69268.590
223596.531
20273.513
2954.653
12120.745
54250.573
61646.242
34455.964
66815.678
263.633
66846.115
26607.154
47400.835
60613.450
294.384
38104.620
155186.009
357.297
239347.149
24092.482
94799.442
55481.046
64181.758
6804.327
35378.393
46976.521
49746.194
26748.558
8190.835
39650.368
3010109.795
41563.592
27910.902
67241.386
47833.866
60124.971
49701.649
4960.635
253526.684
1569767.565
43452.024
20112.885
34266.255
4944.071
51741.548
42380.293
48982.923
5908.287
19106.873
56960.958
45180.368
59919.349
38249.715
7142.947
47723.160
51210.948
82084.477
46759.354
65281.866
45670.662
53260.488
694141.687
6635.800
53246.574
36027.777
24763.493
268.929
191094.054
63494.252
36745.040
