543.967
472.058
1854.158
484.172
429.869
434.106
439.299
514.129
492.435
372.540
455.237
526.443
1143.106
432.360
482.901
484.485
439.537
9761.008
568.271
513.915
470.301
415.935
438.603
762.829
1657.428
400.871
467.707
478.011
420.829
990.463
364.934
501.531
849.685
780.739
722.743
677.369
527.123
499.852
474.517
443.213
6995.679
552.983
445.603
471.184
392.717
496.498
481.171
428.276
480.635
496.355
396.794
363.497
477.311
628.507
477.718
529.646
473.631
424.206
137.935
513.382
633.480
477.048
497.171
472.894
458.416
430.376
444.963
536.984
450.253
643.663
404.032
566.114
451.326
474.228
963.763
411.302
435.716
706.473
511.579
431.862
682.645
374.324
504.022
6068.868
425.999
486.998
414.489
465.227
1641.708
438.296
412.352
406.961
487.428
468.047
445.664
437.686
471.900
442.750
426.872
485.231
473.817
471.547
1223.062
888.366
1290.591
410.345
456.137
3667.289
531.963
390.047
444.190
455.267
453.110
457.707
476.365
640.540
459.747
419.292
440.523
462.310
378.087
435.020
401.842
468.458
503.739
418.082
507.076
357.566
5568.905
397.075
498.236
474.101
501.265
393.138
508.165
426.416
1940.138
434.696
225.961
2059.876
437.949
432.156
389.108
461.614
460.294
509.928
372.577
444.033
430.550
448.780
420.182
372.887
872.176
909.247
435.766
454.847
475.401
482.714
3919.555
457.000
515.389
397.894
1803.787
424.182
908.700
528.393
472.694
486.835
415.256
432.609
8866.121
450.303
446.794
2393.755
450.674
440.470
404.962
434.579
520.943
500.828
416.342
452.423
2009.688
487.721
427.243
456.527
491.318
514.345
8168.922
431.649
436.236
450.880
636.284
622.730
830.010
462.250
404.118
395.888
4796.717
438.943
6025.140
490.568
405.842
961.809
1155.716
885.042
476.124
477.891
371.378
487.238
423.766
8956.891
1762.962
469.587
375.847
390.984
4747.599
500.945
529.620
1674.798
408.299
493.571
453.860
393.264
515.572
821.347
885.382
414.682
1170.996
414.559
474.064
851.201
474.045
387.524
426.799
681.615
473.598
425.476
1234.639
919.194
492.955
454.327
154.652
464.527
538.687
662.168
1334.666
613.189
629.536
882.463
1373.044
1026.172
361.014
1324.406
2618.210
875.513
1543.127
1059.370
676.705
24218.654
489.435
380.367
464.344
426.449
462.807
417.835
449.846
368.170
359.600
509.399
934.711
584.068
458.827
441.127
461.133
452.587
489.462
7864.344
1133.969
5466.306
902.233
135.395
499.865
413.978
486.875
470.730
447.557
502.355
426.809
1392.045
616.687
456.574
447.604
636.400
434.996
503.688
417.552
560.047
1099.874
468.637
398.551
4778.633
468.347
617.013
427.795
516.782
654.134
396.141
445.124
642.540
452.503
552.957
456.793
516.039
443.826
687.445
491.682
428.363
484.361
710.786
666.795
219.285
376.874
497.775
447.256
494.495
382.517
444.537
376.224
452.440
431.309
380.801
207.451
488.441
505.129
477.897
505.785
440.979
611.029
483.618
431.603
382.114
455.827
463.878
438.820
419.379
650.304
168.989
410.472
381.081
650.591
1133.845
499.321
461.754
178.480
25723.267
954.862
880.632
430.330
439.560
608.210
398.505
445.053
513.449
426.119
449.570
493.528
1152.716
745.947
380.944
418.512
460.833
870.629
442.943
436.609
364.030
507.882
478.365
404.502
395.141
424.850
17875.844
506.376
408.868
503.145
502.468
454.176
487.815
475.678
390.044
486.345
401.405
635.857
415.722
669.401
435.323
452.890
492.512
395.291
489.629
409.598
450.440
901.546
380.830
621.946
499.365
458.217
661.051
404.099
397.168
475.101
636.090
373.717
617.210
429.193
373.924
533.140
446.083
631.843
483.514
485.127
721.180
470.661
930.361
433.263
428.709
449.143
454.583
1166.083
463.327
586.088
10245.682
428.203
408.758
1070.379
490.168
463.934
417.315
491.158
463.691
597.185
452.427
424.083
1598.359
355.853
430.642
394.648
440.893
255.420
5978.044
464.893
639.527
928.834
373.808
3414.197
9631.795
460.767
413.886
409.105
387.944
465.413
737.847
429.702
481.348
406.568
469.471
1392.362
492.348
495.638
408.772
385.917
429.106
424.153
653.974
498.818
483.641
482.325
387.371
431.529
228.992
363.807
1387.508
483.618
484.138
468.144
656.618
455.847
1169.383
450.167
374.401
493.198
423.939
407.868
448.004
20272.056
532.526
370.111
409.789
393.508
360.674
653.064
484.708
637.430
451.564
408.568
415.079
473.284
414.259
412.259
426.039
435.653
472.274
856.459
945.488
482.328
188.327
373.557
407.262
3043.426
394.828
1135.315
410.852
433.693
442.843
462.990
360.830
497.889
1445.237
1431.723
640.337
516.722
449.887
425.545
428.776
408.865
399.721
472.108
397.118
393.348
41918.392
497.662
402.629
8939.477
508.992
374.230
389.218
1794.556
482.301
422.756
527.047
480.285
616.206
376.380
2006.461
506.022
657.514
439.800
208.614
358.610
654.051
473.817
454.253
466.391
641.367
832.100
429.653
451.634
371.197
194.373
474.497
458.337
691.008
379.601
223.919
411.858
398.114
507.738
475.654
385.328
456.000
628.330
653.744
489.418
409.759
852.255
3110.271
198.190
587.958
412.682
370.594
335.929
530.333
406.699
168.019
429.116
462.940
1003.447
871.992
416.945
469.774
478.875
411.599
1183.451
551.397
473.177
428.866
369.917
429.569
427.396
452.833
6546.322
669.622
412.722
493.352
629.263
613.439
380.470
490.354
385.028
363.890
417.532
419.773
423.592
440.863
1001.560
485.808
480.358
507.689
441.660
441.543
471.538
463.944
548.650
522.410
464.940
520.419
228.295
475.407
449.647
443.200
1142.062
631.796
701.026
438.496
475.437
393.034
412.912
535.076
485.085
490.501
417.432
455.883
387.398
458.083
389.781
616.640
473.085
889.557
382.578
465.311
474.661
503.352
370.687
457.473
391.484
389.234
436.972
429.462
480.675
431.183
453.950
447.190
1776.322
708.763
425.952
753.114
430.976
1354.300
437.049
406.668
465.387
411.782
437.509
885.443
501.925
205.044
474.494
3699.677
253.792
480.122
433.446
465.264
633.363
441.970
472.111
424.996
392.697
415.622
462.480
405.388
388.301
450.153
486.141
498.282
429.433
489.781
418.418
508.005
602.949
458.287
415.609
431.480
478.961
489.708
643.431
1171.180
425.379
459.874
401.881
482.581
484.362
375.251
465.811
489.591
421.506
486.528
647.164
413.625
408.269
245.319
408.202
476.391
422.539
415.482
397.425
390.131
473.434
492.688
669.058
436.897
977.796
227.182
432.063
684.532
489.032
517.289
505.342
507.862
417.339
145.579
387.704
457.730
442.543
434.806
402.498
625.429
426.520
927.531
492.601
407.115
648.261
400.128
772.435
421.672
429.306
1164.593
458.393
842.135
440.473
409.549
437.042
470.814
436.646
609.712
474.190
480.664
434.439
412.278
405.742
568.681
473.567
487.808
420.635
510.059
437.320
418.108
495.011
1084.800
1211.111
454.857
659.981
123.001
448.354
474.768
396.165
925.841
12911.227
393.372
494.248
461.793
398.921
475.264
421.809
418.246
440.247
406.725
613.359
404.365
449.540
499.026
1941.169
454.116
15389.289
482.628
486.251
461.877
419.659
388.834
346.053
675.419
380.768
429.159
591.525
479.728
394.311
511.559
428.945
527.183
407.848
423.405
440.366
471.074
463.504
414.142
1179.537
467.741
396.388
512.999
434.063
476.341
440.916
430.522
382.481
1746.387
468.761
435.163
454.703
452.747
907.497
420.882
456.614
379.130
384.061
671.618
448.463
489.794
490.008
434.853
457.280
476.738
708.436
399.601
463.107
443.856
504.315
412.565
423.935
922.747
476.528
383.930
465.424
6136.440
6627.328
451.327
12681.302
534.076
398.722
554.410
217.871
663.611
428.989
510.609
546.817
443.420
448.800
526.822
471.224
159.073
507.929
419.516
496.322
465.721
438.736
402.521
379.107
950.392
487.511
454.207
473.697
426.826
2420.866
483.961
468.977
415.536
482.731
484.971
1075.040
357.950
401.731
414.689
504.956
497.408
418.065
410.988
1375.281
465.130
363.700
1381.571
467.757
958.128
430.473
426.662
458.860
1095.164
491.212
435.497
8556.836
496.848
413.292
370.283
447.130
1705.427
480.751
402.785
417.809
373.217
421.975
428.476
431.770
423.856
380.258
461.934
434.826
433.549
264.147
420.276
1164.797
219.752
2644.248
496.372
633.640
470.967
369.700
496.305
674.358
396.285
416.279
493.128
424.606
461.010
23712.750
468.614
397.891
496.192
377.031
486.591
370.740
415.405
1809.957
9600.558
702.316
462.831
423.729
503.826
488.038
388.621
415.559
446.896
430.826
423.169
676.843
206.185
233.969
200.100
192.687
176.514
355.493
218.803
233.201
206.336
234.295
2665.771
232.870
308.315
232.068
197.542
204.804
772.827
170.142
216.253
